0.044069
0.044069
0.044311
0.044311
0.052376
0.052376
0.049655
0.049655
0.044369
0.044369
0.045397
0.045397
0.101965
0.101965
0.185157
0.185157
0.246635
0.246635
0.056325
0.056325
0.4747
0.4747
0.118679
0.118679
0.050666
0.050666
0.043426
0.043426
0.044157
0.044157
0.054968
0.054968
0.064616
0.064616
0.067001
0.067001
0.995059
0.995059
0.057151
0.057151
0.099745
0.099745
0.043478
0.043478
0.104134
0.104134
0.098608
0.098608
0.501705
0.501705
0.493528
0.493528
0.476169
0.476169
0.121726
0.121726
0.256059
0.256059
1.319208
1.319208
0.083802
0.083802
0.046597
0.046597
0.123831
0.123831
0.067257
0.067257
0.086071
0.086071
0.110315
0.110315
0.087976
0.087976
0.137708
0.137708
0.132569
0.132569
0.0555
0.0555
0.088424
0.088424
0.072098
0.072098
0.084422
0.084422
0.107212
0.107212
0.251374
0.251374
0.10498
0.10498
0.342691
0.342691
0.153503
0.153503
0.121588
0.121588
0.149362
0.149362
0.566168
0.566168
0.116201
0.116201
0.223833
0.223833
0.199131
0.199131
0.143233
0.143233
0.167584
0.167584
0.247248
0.247248
0.388736
0.388736
0.160168
0.160168
0.043152
0.043152
0.043885
0.043885
0.046177
0.046177
0.850575
0.850575
0.107415
0.107415
0.456972
0.456972
0.218587
0.218587
0.373605
0.373605
0.574278
0.574278
0.38463
0.38463
0.381619
0.381619
0.26592
0.26592
0.228462
0.228462
0.136206
0.136206
0.335116
0.335116
0.06281
0.06281
0.267276
0.267276
0.351033
0.351033
0.509804
0.509804
0.053939
0.053939
0.132845
0.132845
0.249192
0.249192
0.255518
0.255518
0.099438
0.099438
0.111082
0.111082
0.079486
0.079486
0.162792
0.162792
0.059463
0.059463
0.125663
0.125663
0.190636
0.190636
0.11031
0.11031
0.163897
0.163897
0.2013
0.2013
0.159184
0.159184
0.119245
0.119245
0.081223
0.081223
0.053608
0.053608
0.565542
0.565542
0.06531
0.06531
0.066288
0.066288
0.101531
0.101531
0.15409
0.15409
0.257343
0.257343
0.359992
0.359992
0.11115
0.11115
0.136315
0.136315
0.048577
0.048577
0.175461
0.175461
0.233934
0.233934
0.233279
0.233279
0.131255
0.131255
0.13881
0.13881
0.045001
0.045001
0.921074
0.921074
0.265618
0.265618
0.077209
0.077209
0.052616
0.052616
0.054769
0.054769
0.059243
0.059243
0.066688
0.066688
0.050069
0.050069
0.082224
0.082224
0.080615
0.080615
0.090125
0.090125
0.050717
0.050717
0.055547
0.055547
0.045757
0.045757
0.07478
0.07478
1.089143
1.089143
0.348161
0.348161
0.175816
0.175816
0.096781
0.096781
0.195252
0.195252
0.160222
0.160222
1.012017
1.012017
0.118342
0.118342
